-4320
7483
-1827
2067
-1289
-760
-7515
1667
1342
-8257
2619
-7536
-4091
-1564
9886
-8659
9529
1020
9174
-1008
2130
-523
1021
6108
2348
8458
29
-3936
-4656
-7608
-1989
-2558
-7522
-661
9364
-4170
-7452
-1715
-5082
-8525
7632
-7361
1138
8359
4008
-8743
-3998
9770
566
-7313
9509
8529
4583
4867
610
-5820
-7658
2755
4811
1010
-7228
-4981
-7599
-2045
7147
8298
9402
-1266
-2539
-7538
-3728
494
-1788
-4646
4602
-5618
-4225
8788
-4690
-9972
5286
-1883
1958
-5732
-9821
516
-239
1482
1511
-8918
-7154
-7512
3440
-2263
8789
-3715
-6447
-7964
-8232
-1467
-1619
-8682
7175
-9894
7747
-3146
-2471
5163
-655
7583
-886
-6377
114
7305
-2496
-5161
7370
-1827
-1357
-457
-2075
-8121
846
-377
-2918
6763
559
-5064
5141
93
-9518
3040
7285
-116
-6505
1984
-9517
4285
-9478
2633
-8410
-7551
1185
4056
-6173
2114
-1250
12
-1112
3383
8817
-3663
7545
-4541
-5008
2683
-2293
-8967
-1980
90
-6750
6653
-1580
-7096
-2344
-1322
-1979
-4057
4093
3895
1954
1549
-1882
-5243
1144
-4267
-5218
9046
3301
6849
-9344
-4516
-1228
1824
1451
-3228
-1377
3689
-1940
-6726
6719
-84
-5665
-3920
3459
7141
6170
-5218
7707
-7910
-6934
-7891
-9254
2270
-6729
-4179
-613
-2186
-5234
-2447
2079
-1983
1183
-3471
-6079
-4817
-4156
-6282
-2685
1339
-5918
-2761
-9175
-972
-2797
-2629
-437
-7936
-3449
1836
6433
-4099
-224
-2781
204
-9240
-1564
1832
2157
-4092
5145
-3817
-685
-3760
1097
674
9376
-7965
6504
-9475
2723
-3913
-5704
-5066
4198
-3200
-4216
4166
8462
-417
-4285
-9337
7774
-6851
-1049
-9530
-2436
5809
-1803
-3847
-1831
-700
2409
-9104
-7445
-4615
6377
-750
-2820
-2779
-124
-5629
7047
-473
-7885
-2302
-9597
-9262
1893
-5254
-9254
-20
-7913
4183
2235
7740
-4024
2202
-9
-6495
-6898
1480
-6938
4801
-4604
-9399
7115
-3389
3430
8460
-6469
-7970
-5251
4303
-4199
-9456
-6466
-5951
-2844
-6893
-5839
-2434
-5229
-1938
1134
-6425
-8291
-1657
-4181
169
1344
-8928
-3715
1536
9403
130
-9166
-2237
-5602
6678
-7064
-5544
4324
-268
-4964
9546
-4962
-8065
7744
-2629
9105
-1842
-5355
-7045
2210
-2997
3212
-1733
-1135
-7164
1337
9530
-126
-4202
5764
8296
6691
-5008
-6659
-9428
-885
-7590
-8458
2718
-7615
50
9769
-8803
4126
-4522
-7326
3770
596
-1720
4983
-8582
-4720
-1648
-8740
-1285
6682
-9990
2199
-7145
1605
-2197
-625
-5240
1348
8305
7116
-8150
-6245
-8232
-2599
-5786
-9765
-3621
333
7756
-4252
9634
7752
-9628
2901
618
4707
2559
2275
5407
-5820
1938
-1084
8946
4272
4580
336
-7192
-9083
-5049
-504
2670
1479
3522
-3115
-2762
-9832
-9065
1783
-7587
-6771
-4860
-4105
-2614
-6080
865
-8549
-5699
5694
-1066
-730
5381
9614
-9560
-2059
-5899
234
9325
-4054
-3404
-4306
3916
-1357
-4559
-1900
-9536
7618
-323
-1763
8665
638
-2789
-7148
1128
5564
7314
8076
-5573
4142
-632
4945
-2266
-4355
-7224
-8832
7745
-4173
-9781
655
3577
-5603
-9450
-2253
-9501
-1232
-5123
2078
-5044
5608
-9995
-1264
-8555
-2664
128
-4056
-3547
-2624
-6393
1401
-8744
-9736
-2158
4580
-4747
-363
464
-7740
-8822
7115
184
1222
-6000
9425
1655
-2919
-977
4006
-3233
5324
5610
-3406
-9722
4757
9874
4878
-4110
-8399
-1825
-1049
-3952
8267
5343
8797
965
-8160
-3729
8945
1382
3966
6310
4961
-5590
-2794
-871
-4690
4191
7977
380
958
574
-2362
6758
-5914
9849
-3560
-2726
-5113
-7716
-7654
-928
-8775
8946
-9907
-8292
-4344
-3577
6313
-872
-7107
8527
-2820
-7486
4991
-5787
-5465
-5091
-359
3574
-6547
-6287
-5153
9438
1172
-5401
-2325
-1868
2657
754
-5780
2466
-8026
-8976
-6016
-2248
-8507
-6381
-3551
1121
5484
-7656
-5888
6038
-6784
-2590
-243
2897
-8509
-5309
-3906
-7483
-1972
6421
-6640
-5971
3196
9971
-5270
-4319
2709
-6011
8355
7119
-6749
-3914
2020
745
4124
-4627
942
-6051
-818
7386
-2529
-1885
-6794
9647
-6799
-7016
-8528
-3533
-1116
2098
2190
-7535
-6116
-4082
1642
-8876
-8531
3110
8478
-6631
-1993
-9397
211
956
3436
-3731
-9926
7827
-4166
4703
-4871
2054
-7770
9019
1477
-8332
-2731
6209
-9770
2869
-2768
-9305
7930
1291
-2038
-8564
8482
6482
1881
-6130
2277
1846
-4722
6491
-6909
-8570
-351
1038
-8760
4557
-2486
-2062
626
-8447
9882
1385
-8907
-5835
2528
7989
-5825
6707
4750
7819
5977
8910
-1473
-6641
-881
-9195
504
-5762
688
-2140
1966
-2422
-1064
-5439
5385
6287
-53
5699
-695
-5347
868
1268
774
-9322
2159
8859
9242
5722
9298
-7340
-2716
-2490
8563
6817
-3482
-1859
1303
-5436
7953
-3905
9032
-819
9571
-4128
2683
-1806
-4081
7164
-9971
-356
5915
5064
-6604
1224
-9746
-7578
-7560
1264
-5395
-3974
-6057
-9954
9530
-5056
-3343
298
4263
4222
-4861
104
-7379
-8616
1366
-936
980
2596
1618
-6879
7064
6109
-4873
8577
-2708
-4164
-818
6085
8062
7746
-487
-7622
-7266
-805
9877
-8869
-8807
-4640
-39
-4332
-8982
-7971
-1381
1641
1747
3187
479
-981
1544
9884
3688
-5227
717
-8839
-6225
-9831
-2463
-9922
471
-4845
-6595
-9387
9693
9760
-5323
-9722
-7083
52
3591
-399
-3086
261
2965
-7106
2087
3564
-2421
9111
-9330
-5648
775
-2604
-3579
8761
-681
-9577
-8451
1421
7685
-1575
-9833
-2087
-8432
-6651
-7512
9229
-6050
771
-4928
45
-9714
-4199
-6999
2438
-4014
5676
1007
447
1215
-7636
-2263
6926
-2118
1233
-306
-203
-1377
3136
8299
2052
-7075
2421
-8168
-4288
6691
-9959
-2778
7624
2685
-1380
2396
2834
6454
-9538
-8640
6046
2888
144
-4037
-6811
-4014
-5478
-9320
1328
3463
-6050
-3185
9997
2153
3069
-5696
-1656
-6316
57
-4160
80
5148
-8549
-9125
2808
2714
8213
-1167
-757
2279
8459
7715
-5739
639
-4722
-7342
5638
2386
-2774
-1691
3160
3351
4543
5132
-8338
-480
2357
-5884
-7937
-3762
-8693
-9542
1647
-7836
-4366
242
-6331
-1664
8696
-1016
-8036
1255
-3577
-4552
-1483
-4096
-7952
1917
6285
-2396
2178
-137
-2635
-5228
-3233
5423
8956
874
5967
1021
-8463
-5130
-9096
-3702
1223
737
710
-4687
-7110
-1994
2894
