-9980
-9967
-9949
-9915
-9892
-9881
-9868
-9844
-9835
-9833
-9827
-9824
-9820
-9820
-9818
-9816
-9804
-9794
-9784
-9781
-9738
-9737
-9735
-9722
-9695
-9688
-9680
-9676
-9652
-9624
-9609
-9602
-9599
-9582
-9559
-9537
-9474
-9466
-9447
-9441
-9431
-9418
-9396
-9354
-9335
-9330
-9325
-9314
-9305
-9304
-9303
-9300
-9296
-9282
-9280
-9270
-9261
-9231
-9211
-9198
-9180
-9163
-9161
-9129
-9105
-9086
-9082
-9074
-9059
-9055
-9035
-9019
-9010
-8988
-8935
-8889
-8882
-8876
-8832
-8816
-8808
-8780
-8770
-8749
-8734
-8709
-8695
-8675
-8662
-8660
-8657
-8653
-8644
-8643
-8625
-8620
-8613
-8607
-8575
-8566
-8564
-8540
-8534
-8511
-8504
-8488
-8454
-8448
-8399
-8393
-8386
-8376
-8370
-8351
-8302
-8269
-8220
-8205
-8149
-8143
-8142
-8137
-8137
-8121
-8103
-8095
-8048
-8034
-8030
-8015
-8009
-8001
-7980
-7973
-7963
-7931
-7914
-7911
-7895
-7865
-7861
-7841
-7818
-7818
-7806
-7780
-7776
-7754
-7745
-7723
-7712
-7709
-7709
-7699
-7682
-7635
-7624
-7614
-7585
-7569
-7564
-7482
-7477
-7475
-7473
-7470
-7434
-7395
-7385
-7346
-7320
-7249
-7248
-7233
-7233
-7211
-7185
-7142
-7120
-7120
-7110
-7097
-7074
-7051
-7046
-7034
-6997
-6984
-6981
-6975
-6974
-6972
-6954
-6950
-6948
-6948
-6930
-6911
-6861
-6838
-6838
-6838
-6835
-6789
-6783
-6757
-6749
-6745
-6721
-6701
-6665
-6624
-6614
-6612
-6605
-6572
-6541
-6519
-6502
-6486
-6465
-6443
-6420
-6398
-6391
-6370
-6352
-6344
-6314
-6306
-6287
-6281
-6277
-6262
-6246
-6245
-6224
-6216
-6211
-6210
-6206
-6175
-6175
-6173
-6162
-6134
-6128
-6093
-6084
-6067
-6061
-6040
-6037
-6037
-6024
-6011
-5988
-5967
-5962
-5957
-5923
-5917
-5884
-5844
-5836
-5824
-5811
-5808
-5790
-5765
-5757
-5739
-5726
-5694
-5693
-5685
-5654
-5625
-5623
-5610
-5585
-5557
-5551
-5544
-5541
-5531
-5529
-5491
-5481
-5462
-5461
-5421
-5364
-5358
-5358
-5347
-5341
-5323
-5319
-5292
-5277
-5275
-5249
-5226
-5197
-5197
-5163
-5137
-5136
-5115
-5114
-5114
-5045
-4998
-4997
-4971
-4963
-4935
-4922
-4902
-4894
-4883
-4852
-4845
-4806
-4788
-4732
-4729
-4727
-4726
-4723
-4723
-4713
-4707
-4695
-4677
-4662
-4643
-4635
-4614
-4613
-4612
-4606
-4602
-4575
-4573
-4573
-4552
-4530
-4522
-4515
-4513
-4508
-4501
-4499
-4498
-4481
-4444
-4432
-4426
-4407
-4398
-4364
-4353
-4347
-4335
-4324
-4317
-4302
-4301
-4264
-4229
-4216
-4195
-4147
-4120
-4079
-4077
-4071
-4056
-3999
-3976
-3961
-3924
-3875
-3862
-3857
-3855
-3848
-3843
-3841
-3819
-3798
-3771
-3767
-3760
-3759
-3724
-3719
-3707
-3672
-3672
-3649
-3642
-3595
-3584
-3582
-3573
-3529
-3527
-3513
-3480
-3480
-3479
-3471
-3467
-3441
-3402
-3400
-3389
-3384
-3333
-3330
-3310
-3300
-3226
-3174
-3167
-3136
-3120
-3119
-3092
-3080
-3071
-3070
-3014
-2977
-2975
-2972
-2971
-2962
-2950
-2918
-2892
-2879
-2855
-2850
-2849
-2822
-2820
-2812
-2771
-2755
-2747
-2734
-2733
-2731
-2723
-2722
-2711
-2665
-2653
-2628
-2609
-2598
-2579
-2576
-2566
-2550
-2530
-2526
-2523
-2501
-2492
-2429
-2428
-2416
-2402
-2384
-2374
-2372
-2359
-2357
-2352
-2344
-2306
-2296
-2257
-2253
-2252
-2215
-2179
-2172
-2162
-2143
-2103
-2048
-2042
-1997
-1990
-1982
-1981
-1972
-1950
-1942
-1934
-1908
-1904
-1889
-1861
-1849
-1823
-1822
-1753
-1735
-1723
-1714
-1711
-1644
-1614
-1595
-1575
-1462
-1442
-1419
-1411
-1409
-1405
-1396
-1386
-1384
-1366
-1357
-1348
-1343
-1335
-1326
-1256
-1254
-1245
-1238
-1236
-1229
-1209
-1170
-1165
-1108
-1105
-1087
-1084
-1075
-1070
-1041
-1040
-1034
-1021
-1010
-972
-968
-959
-930
-918
-878
-868
-857
-857
-849
-839
-819
-816
-808
-805
-799
-797
-760
-727
-720
-686
-674
-654
-651
-648
-633
-567
-555
-540
-534
-528
-484
-483
-464
-461
-451
-427
-404
-398
-374
-372
-328
-312
-302
-285
-282
-270
-270
-267
-256
-253
-248
-238
-219
-199
-192
-174
-158
-132
-131
-79
-63
-50
-28
24
30
54
66
82
154
170
180
187
221
232
281
283
286
341
342
357
358
389
407
421
440
483
484
505
560
563
564
567
571
575
580
584
588
623
653
654
720
721
730
747
756
762
784
787
799
823
831
846
848
866
871
872
888
971
977
1066
1067
1078
1182
1203
1257
1324
1358
1365
1376
1414
1417
1427
1431
1440
1450
1481
1493
1512
1518
1519
1539
1562
1567
1582
1591
1625
1651
1661
1663
1681
1754
1766
1799
1825
1832
1845
1862
1870
1874
1900
1922
1964
1966
1967
1970
1972
1997
2007
2042
2051
2058
2059
2078
2092
2110
2114
2136
2160
2162
2162
2168
2192
2249
2251
2254
2274
2285
2298
2334
2351
2355
2363
2364
2365
2379
2389
2435
2445
2468
2478
2494
2505
2537
2542
2550
2567
2584
2592
2603
2634
2654
2657
2662
2663
2664
2670
2678
2685
2702
2712
2721
2778
2791
2802
2851
2853
2882
2889
2918
2931
2939
2961
3037
3064
3071
3124
3174
3192
3266
3326
3341
3347
3416
3423
3433
3445
3451
3527
3624
3634
3778
3799
3805
3832
3860
3861
3942
4005
4045
4109
4115
4138
4268
4352
4379
4402
4493
4500
4535
4600
4603
4611
4639
4682
4684
4695
4739
4751
4772
4797
4818
4838
4871
4911
4920
4928
4956
4963
5027
5033
5036
5115
5211
5274
5335
5383
5392
5406
5423
5454
5459
5481
5507
5519
5539
5673
5702
5772
5819
5828
5835
5840
5865
5870
5889
5895
5905
5919
5921
5944
5945
6012
6038
6091
6140
6154
6161
6166
6189
6226
6268
6298
6303
6332
6334
6376
6472
6477
6486
6519
6536
6540
6550
6618
6639
6660
6675
6742
6764
6780
6786
6809
6826
6829
6887
6904
7055
7138
7176
7208
7233
7241
7260
7299
7321
7443
7445
7462
7474
7479
7531
7532
7542
7567
7597
7630
7667
7715
7810
7904
7910
8017
8021
8051
8091
8093
8138
8220
8258
8270
8299
8301
8386
8466
8494
8538
8593
8628
8666
8701
8774
8810
8822
8889
8889
8901
9025
9040
9046
9055
9070
9076
9203
9250
9290
9313
9357
9381
9438
9453
9460
9477
9478
9481
9508
9527
9568
9611
9618
9620
9622
9654
9667
9710
9743
9794
9795
9838
9859
9919
9955
9991
