-9958
-1532
-3665
-3499
-830
-4275
-8521
-641
-3037
-5535
-4294
-1854
-6718
-3172
-38
-9508
-7004
-8057
-5172
-4563
-7608
-5395
-6097
-9846
-9707
-7617
-2578
-1283
-281
-104
-4552
-8273
-5228
-8461
-8130
-87
-4332
-3700
-2964
-105
-1296
-6188
-8677
-9666
-2326
-5335
-4858
-2288
-1746
-3131
-4452
-2355
-7337
-7242
-9962
-7140
-1276
-258
-2470
-9221
-7683
-6964
-7809
-8157
-9711
-9893
-959
-1057
-735
-7351
-2553
-6194
-4109
-3270
-5629
-4649
-4993
-8898
-5606
-6451
-370
-7376
-5915
-45
-1243
-8159
-5033
-2623
-6068
-3691
-3055
-7560
-5373
-8676
-4462
-8461
-3881
-7917
-7070
-3458
-5166
-8884
-5360
-341
-7295
-69
-6022
-7693
-8326
-7613
-4978
-1254
-3075
-927
-3729
-4170
-3222
-4426
-4902
-3487
-6013
-6709
-838
-1363
-7644
-5232
-6344
-4425
-5968
-7947
-2649
-8849
-3058
-8275
-6033
-6569
-8892
-9808
-1992
-8662
-4542
-7712
-2246
-9616
-5054
-1090
-7790
-241
-5778
-1411
-3577
-5053
-2493
-6969
-3586
-831
-9099
-7408
-1237
-8344
-2589
-3640
-2375
-9462
-8451
-3516
-2404
-5958
-6397
-5649
-9708
-9163
-625
-8979
-5403
-5978
-2651
-6800
-331
-5515
-1718
-5265
-9946
-8000
-3581
-2061
-3099
-6211
-1872
-9532
-6271
-5106
-5351
-7516
-2192
-7578
-5689
-3382
-7186
-485
-5690
-2383
-1064
-2548
-9399
-4750
-3480
-8443
-7201
-9696
-3775
-8991
-4155
-7390
-5010
-7297
-6804
-9514
-6906
-5656
-9476
-8412
-685
-496
-2551
-4799
-6541
-3381
-9419
-203
-5201
-4718
-410
-9201
-1990
-2842
-9527
-6377
-1461
-7707
-3961
-5820
-1809
-342
-2041
-3808
-184
-7111
-843
-8488
-3797
-7365
-5727
-9944
-9671
-7353
-3637
-5113
-1124
-1566
-130
-9857
-6155
-8583
-8118
-8001
-9677
-1348
-9978
-4300
-6442
-1523
-2107
-5610
-4924
-9287
-7399
-7489
-8996
-3130
-2138
-5311
-6598
-210
-4744
-3576
-4997
-9414
-5817
-9714
-2911
-8573
-1382
-6242
-167
-9067
-5830
-7845
-4278
-2810
-23
-8670
-7631
-1307
-8574
-9444
-6565
-3450
-2558
-487
-9854
-1939
-8281
-6246
-3860
-7576
-3720
-4003
-3312
-7470
-7450
-2562
-133
-7050
-9806
-6804
-6702
-9583
-1713
-3894
-5511
-3717
-7544
-4265
-1885
-8298
-8683
-9328
-4213
-7736
-5686
-5644
-8814
-9946
-9087
-9191
-8167
-9054
-5686
-2243
-1678
-441
-6353
-2017
-9518
-5855
-6803
-9777
-2870
-7838
-4464
-9549
-8826
-9533
-7955
-8340
-3707
-3560
-2746
-9975
-3845
-489
-5254
-9350
-6813
-1686
-5525
-1977
-7831
-5981
-1212
-94
-2041
-2608
-9797
-6374
-3522
-5585
-685
-4175
-665
-4125
-5627
-9840
-8166
-1929
-2512
-1702
-2481
-1822
-2226
-7729
-8236
-7331
-2807
-6014
-6897
-1519
-786
-2372
-5197
-5900
-9472
-7374
-8456
-8075
-8976
-27
-6938
-5818
-8996
-2567
-2494
-2406
-7274
-6968
-1507
-9857
-2777
-8713
-6935
-2099
-812
-1639
-7586
-9025
-5729
-829
-9764
-9166
-288
-4239
-1103
-5332
-2714
-7449
-9859
-6305
-7304
-8375
-1980
-7874
-3423
-8305
-7341
-3697
-2628
-7533
-5321
-7406
-6148
-4515
-8981
-1535
-8880
-6847
-7199
-1912
-8939
-8073
-989
-5242
-7829
-9684
-423
-9772
-7956
-7241
-2835
-4890
-2117
-2913
-434
-6512
-422
-5525
-7374
-4372
-4370
-8071
-4576
-1479
-3097
-5037
-9876
-5403
-6262
-6738
-9804
-7474
-8735
-1739
-3797
-1883
-4969
-9673
-988
-9228
-3588
-4452
-8846
-8479
-209
-5075
-9811
-8236
-5059
-9148
-1337
-6170
-9099
-2286
-1041
-2421
-1634
-6992
-8522
-8799
-3941
-3560
-7696
-7239
-642
-7675
-3522
-4891
-8886
-5112
-198
-7149
-5539
-7571
-7006
-2615
-594
-3459
-8888
-1295
-7164
-7643
-3927
-649
-1176
-5514
-9443
-6783
-8373
-642
-1473
-6642
-662
-6728
-6130
-638
-7103
-6977
-382
-9887
-7282
-1303
-8414
-5958
-5576
-5870
-5770
-5434
-3440
-1067
-7703
-144
-7946
-3037
-6415
-265
-3345
-3027
-8542
-5630
-7467
-7036
-7392
-7516
-9088
-8364
-9932
-7151
-5324
-7061
-7776
-7857
-6245
-3488
-7258
-9824
-8540
-2174
-6778
-2129
-8373
-8065
-4794
-8216
-6149
-2601
-7720
-7298
-7806
-7265
-8362
-3465
-4443
-8006
-9823
-4294
-3037
-9451
-4118
-9699
-5586
-3358
-144
-5144
-6857
-8537
-2388
-9122
-9575
-7321
-8247
-1556
-1703
-7326
-9959
-686
-9124
-9927
-7181
-9389
-8982
-5067
-1887
-9304
-6830
-6168
-9959
-3511
-1314
-909
-502
-7410
-4009
-4854
-646
-685
-1348
-3259
-7955
-8741
-9664
-1240
-8807
-2394
-4735
-7818
-1496
-6170
-6224
-9391
-707
-4002
-2450
-443
-4438
-8372
-3532
-458
-3870
-8759
-2186
-825
-9398
-3922
-9784
-1316
-1786
-6007
-4175
-4398
-6607
-4240
-7329
-3571
-1972
-5915
-9924
-1213
-4501
-5029
-3712
-6152
-7395
-9496
-8778
-7336
-4293
-7636
-989
-7828
-2510
-1759
-7835
-4457
-2380
-9086
-2408
-3295
-8181
-767
-9249
-4794
-5024
-8460
-9696
-8577
-8901
-8752
-6415
-6351
-7028
-2135
-7086
-8924
-8454
-1287
-2453
-1321
-8230
-4737
-1480
-6014
-1710
-4055
-7134
-1459
-6754
-4491
-1681
-2129
-398
-1676
-8867
-5527
-2847
-4912
-1429
-236
-98
-2896
-5576
-6472
-8399
-3030
-5984
-4434
-9971
-8456
-4652
-7911
-7056
-7362
-7590
-3536
-4950
-5318
-8411
-8657
-9391
-7939
-8778
-8241
-45
-9111
-5853
-9309
-2050
-7156
-8569
-4379
-9251
-2932
-5463
-9216
-1964
-7773
-4814
-2961
-146
-4370
-8775
-4251
-76
-6640
-7742
-5233
-5055
-5044
-6681
-7273
-4588
-8974
-9644
-8998
-7450
-503
-1415
-484
-2035
-6657
-1924
-2086
-3857
-8803
-8051
-4927
-9573
-5393
-3826
-5570
-7595
-3294
-9373
-187
-624
-9906
-3434
-3963
-5263
-858
-9185
-4005
-1743
-3347
-6063
-9161
-9517
-8644
-8984
-8868
-1769
-2158
-5374
-7988
-7362
-5813
-309
-8349
-4337
-8365
-9106
-9646
-8583
-6547
-5991
-2737
-7766
-4545
-3696
-3365
-3696
-5743
-9851
-8875
-7682
-5786
-2890
-5971
-799
-8919
-8681
-3141
-5949
-5844
-8638
-4735
-8096
-6323
-356
-3090
-5097
-6438
-1510
-5051
-8717
-6346
-9325
-7779
-4597
-3076
-6168
-630
-6121
-9740
-991
-7380
-6028
-9996
-8054
-218
-3495
-7607
-7314
-4686
-3301
-4410
-7277
-4061
-962
-3589
-8538
-3765
-7491
-38
-6040
-3506
-8484
-4730
-5062
-1130
-9941
-5299
-6028
-3735
-4882
-3784
-5444
-2184
-1669
-6960
-9787
-711
-1917
-8045
-3914
-9289
-5515
-5225
-1619
-184
-4048
-3458
-1884
-8320
-2889
-4101
-6926
-9211
-6022
-1867
-43
-1310
-3886
-9991
-7058
-4209
-8276
-8636
-9971
-4815
-5221
-2799
-4928
-8114
-8025
-8928
-8666
-7132
-3846
-5704
-7831
-9174
-323
-4370
-1349
-7401
-6690
-5306
-5313
-9919
-9883
-7750
